Factor Types:Geospatial Flow, User Level, Data Request Frequency
Respondent 1
(1, 1, 1);(2, 2.5, 3);(1.5, 2, 2.5)
(0.3333, 0.4, 0.5);(1, 1, 1);(0.4, 0.5, 0.6667)
(0.4, 0.5, 0.6667);(1.5, 2, 2.5);(1, 1, 1)
Respondent 2
(1, 1, 1);(2, 2.5, 3);(1.5, 2, 2.5)
(0.3333, 0.4, 0.5);(1, 1, 1);(0.5, 0.6667, 1)
(0.4, 0.5, 0.6667);(1, 1.5, 2);(1, 1, 1)
Respondent 3
(1, 1, 1);(2, 2.5, 3);(1.5, 2, 2.5)
(0.3333, 0.4, 0.5);(1, 1, 1);(0.4, 0.5, 0.6667)
(0.4, 0.5, 0.6667);(1.5, 2, 2.5);(1, 1, 1)
Respondent 4
(1, 1, 1);(1.5, 2, 2.5);(1, 1.5, 2)
(0.4, 0.5, 0.6667);(1, 1, 1);(0.5, 0.6667, 1)
(0.5, 0.6667, 1);(1, 1.5, 2);(1, 1, 1)
Respondent 5
(1, 1, 1);(2, 2.5, 3);(1.5, 2, 2.5)
(0.3333, 0.4, 0.5);(1, 1, 1);(0.4, 0.5, 0.6667)
(0.4, 0.5, 0.6667);(1.5, 2, 2.5);(1, 1, 1)
Respondent 6
(1, 1, 1);(1.5, 2, 2.5);(1, 1.5, 2)
(0.4, 0.5, 0.6667);(1, 1, 1);(0.5, 0.6667, 1)
(0.5, 0.6667, 1);(1, 1.5, 2);(1, 1, 1)
Respondent 7
(1, 1, 1);(1.5, 2, 2.5);(1.5, 2, 2.5)
(0.4, 0.5, 0.6667);(1, 1, 1);(0.5, 0.6667, 1)
(0.4, 0.5, 0.6667);(1, 1.5, 2);(1, 1, 1)
Respondent 8
(1, 1, 1);(1.5, 2, 2.5);(1.5, 2, 2.5)
(0.4, 0.5, 0.6667);(1, 1, 1);(0.5, 0.6667, 1)
(0.4, 0.5, 0.6667);(1, 1.5, 2);(1, 1, 1)
Respondent 9
(1, 1, 1);(1, 1.5, 2);(1.5, 2, 2.5)
(0.5, 0.6667, 1);(1, 1, 1);(1, 1.5, 2)
(0.4, 0.5, 0.6667);(0.5, 0.6667, 1);(1, 1, 1)
Respondent 10
(1, 1, 1);(1, 1.5, 2);(1.5, 2, 2.5)
(0.5, 0.6667, 1);(1, 1, 1);(1, 1.5, 2)
(0.4, 0.5, 0.6667);(0.5, 0.6667, 1);(1, 1, 1)
Respondent 11
(1, 1, 1);(1.5, 2, 2.5);(1, 1.5, 2)
(0.4, 0.5, 0.6667);(1, 1, 1);(0.5, 0.6667, 1)
(0.5, 0.6667, 1);(1, 1.5, 2);(1, 1, 1)
Respondent 12
(1, 1, 1);(1.5, 2, 2.5);(1.5, 2, 2.5)
(0.4, 0.5, 0.6667);(1, 1, 1);(0.5, 0.6667, 1)
(0.4, 0.5, 0.6667);(1, 1.5, 2);(1, 1, 1)
Respondent 13
(1, 1, 1);(2, 2.5, 3);(1.5, 2, 2.5)
(0.3333, 0.4, 0.5);(1, 1, 1);(0.5, 0.6667, 1)
(0.4, 0.5, 0.6667);(1, 1.5, 2);(1, 1, 1)
Respondent 14
(1, 1, 1);(0.5, 0.6667, 1);(1, 1.5, 2)
(1, 1.5, 2);(1, 1, 1);(1.5, 2, 2.5)
(0.5, 0.6667, 1);(0.4, 0.5, 0.6667);(1, 1, 1)
